calibration_date: 2022-07-17 16:18:00.126556
low_forward_pwm: 0
low_backward_pwm: 0
max_lin_vel_forward: 0.19266
max_lin_vel_backward: -0.18913
max_ang_vel: 0.50352
min_ang_vel: -0.47237
bot_id: 8
pwm_left_forward: 656.528854098018 817.7557051387973 59.81834576816692
pwm_right_forward: 2362.496845177614 308.55487133142685 95.80005261551291
pwm_left_backward: -1167.8407657346277 708.0762793315047 -67.97335428627197
pwm_right_backward: -2467.8104549453965 309.0206010395739 -97.56187228980693
