calibration_date: 2022-07-22 00:48:12.613296
low_forward_pwm: 0
low_backward_pwm: 0
max_lin_vel_forward: 0.19266
max_lin_vel_backward: -0.18913
max_ang_vel: 0.51565
min_ang_vel: -0.46943
bot_id: 8
pwm_left_forward: 877.5051858020049 369.6528677816126 69.95588352318599 350.28207089215664
pwm_right_forward: 890.2046066468514 284.88653003929 70.14932937097466 431.74582616569245
pwm_left_backward: -720.0174326024153 430.05810659018766 -67.47046527193535 359.17250850189896
pwm_right_backward: -718.3344507133954 305.73116636454114 -67.48114663178887 483.75441805473554
